D:\109-2\digivfx\hw2\topfloor\topfloor_01.jpg
604 453

1 0 226 
0 1 301.5 
0 0 1 

0.999701 0.0156816 -0.0187683 
-0.0156788 0.999877 0.000294395 
0.0187706 1.35724e-008 0.999824 

489.603

D:\109-2\digivfx\hw2\topfloor\topfloor_02.jpg
604 453

1 0 226 
0 1 301.5 
0 0 1 

0.99971 0.00499112 -0.0235759 
-0.0143786 0.908635 -0.417344 
0.0193389 0.417562 0.908443 

487.24

D:\109-2\digivfx\hw2\topfloor\topfloor_03.jpg
604 453

1 0 226 
0 1 301.5 
0 0 1 

0.999393 -0.00707822 -0.0340978 
-0.0262673 0.489642 -0.871528 
0.0228646 0.871895 0.489159 

503.964

D:\109-2\digivfx\hw2\topfloor\topfloor_04.jpg
604 453

1 0 226 
0 1 301.5 
0 0 1 

0.999475 -0.0196603 -0.0257484 
-0.0239205 0.088138 -0.995821 
0.0218476 0.995914 0.0876215 

503.014

D:\109-2\digivfx\hw2\topfloor\topfloor_05.jpg
604 453

1 0 226 
0 1 301.5 
0 0 1 

0.999468 -0.0300277 -0.0127592 
-0.0253903 -0.470273 -0.882156 
0.0204888 0.88201 -0.470785 

505.532

D:\109-2\digivfx\hw2\topfloor\topfloor_06.jpg
604 453

1 0 226 
0 1 301.5 
0 0 1 

0.999551 -0.0299607 0.000947431 
-0.02315 -0.791639 -0.610551 
0.0190426 0.610255 -0.791977 

502.926

D:\109-2\digivfx\hw2\topfloor\topfloor_07.jpg
604 453

1 0 226 
0 1 301.5 
0 0 1 

0.999538 -0.0281998 0.0113557 
-0.0243038 -0.96564 -0.258745 
0.018262 0.258349 -0.965879 

501.864

D:\109-2\digivfx\hw2\topfloor\topfloor_08.jpg
604 453

1 0 226 
0 1 301.5 
0 0 1 

0.999579 -0.0205024 0.020526 
-0.0242223 -0.979185 0.201522 
0.015967 -0.201934 -0.979269 

501.087

D:\109-2\digivfx\hw2\topfloor\topfloor_09.jpg
604 453

1 0 226 
0 1 301.5 
0 0 1 

0.999695 -0.00767026 0.0234715 
-0.0207863 -0.774504 0.632228 
0.0133294 -0.632523 -0.774427 

501.275

D:\109-2\digivfx\hw2\topfloor\topfloor_10.jpg
604 453

1 0 226 
0 1 301.5 
0 0 1 

0.999695 0.00267357 0.0245359 
-0.0203897 -0.470709 0.882053 
0.0139075 -0.882285 -0.470511 

500.049

D:\109-2\digivfx\hw2\topfloor\topfloor_11.jpg
604 453

1 0 226 
0 1 301.5 
0 0 1 

0.99967 0.0101899 0.0235902 
-0.0218845 -0.14356 0.9894 
0.0134685 -0.989589 -0.14329 

498.357

D:\109-2\digivfx\hw2\topfloor\topfloor_12.jpg
604 453

1 0 226 
0 1 301.5 
0 0 1 

0.999756 0.0203233 0.00871889 
-0.0146797 0.315013 0.948974 
0.0165397 -0.94887 0.315235 

496.764

D:\109-2\digivfx\hw2\topfloor\topfloor_13.jpg
604 453

1 0 226 
0 1 301.5 
0 0 1 

0.999689 0.0248018 -0.00249454 
-0.016632 0.738216 0.674359 
0.0185668 -0.674108 0.7384 

495.07

D:\109-2\digivfx\hw2\topfloor\topfloor_14.jpg
604 453

1 0 226 
0 1 301.5 
0 0 1 

0.999731 0.0218215 -0.00789353 
-0.0167469 0.913932 0.405521 
0.0160632 -0.405279 0.914052 

491.44

D:\109-2\digivfx\hw2\topfloor\topfloor_15.jpg
604 453

1 0 226 
0 1 301.5 
0 0 1 

0.999762 0.0167866 -0.0139183 
-0.0141849 0.985414 0.169579 
0.0165619 -0.169342 0.985418 

491.027

D:\109-2\digivfx\hw2\topfloor\topfloor_00.jpg
604 453

1 0 226 
0 1 301.5 
0 0 1 

0.999694 0.0202167 -0.0142418 
-0.016772 0.977496 0.210288 
0.0181726 -0.209985 0.977536 

491.338

