D:\109-2\digivfx\hw2\groundfloor\ground_01.jpg
604 453

1 0 226 
0 1 301.5 
0 0 1 

0.999882 0.00139384 -0.0153063 
-0.00139366 0.999999 2.13247e-005 
0.0153064 -1.64896e-008 0.999883 

496.692

D:\109-2\digivfx\hw2\groundfloor\ground_02.jpg
604 453

1 0 226 
0 1 301.5 
0 0 1 

0.999896 -0.00616661 -0.0130661 
0.000567269 0.920399 -0.39098 
0.014437 0.390931 0.920306 

496.593

D:\109-2\digivfx\hw2\groundfloor\ground_03.jpg
604 453

1 0 226 
0 1 301.5 
0 0 1 

0.999892 -0.0124805 -0.00776527 
0.0024974 0.664844 -0.746978 
0.0144854 0.746878 0.664804 

497.145

D:\109-2\digivfx\hw2\groundfloor\ground_04.jpg
604 453

1 0 226 
0 1 301.5 
0 0 1 

0.999893 -0.0142745 -0.00320415 
0.0017422 0.33364 -0.942699 
0.0145256 0.942592 0.333629 

497.715

D:\109-2\digivfx\hw2\groundfloor\ground_05.jpg
604 453

1 0 226 
0 1 301.5 
0 0 1 

0.999826 -0.0184605 -0.00275248 
-0.00443175 -0.0915521 -0.99579 
0.0181308 0.995629 -0.0916182 

497.39

D:\109-2\digivfx\hw2\groundfloor\ground_06.jpg
604 453

1 0 226 
0 1 301.5 
0 0 1 

0.999876 -0.0151502 0.00421893 
-0.00211611 -0.395435 -0.918491 
0.0155836 0.918369 -0.395419 

496.434

D:\109-2\digivfx\hw2\groundfloor\ground_07.jpg
604 453

1 0 226 
0 1 301.5 
0 0 1 

0.999874 -0.0123167 0.0100136 
-0.00237321 -0.739733 -0.672897 
0.0156952 0.672788 -0.739669 

496.665

D:\109-2\digivfx\hw2\groundfloor\ground_08.jpg
604 453

1 0 226 
0 1 301.5 
0 0 1 

0.999862 -0.00686347 0.0151441 
-0.00100217 -0.934047 -0.35715 
0.0165966 0.357085 -0.933925 

496.53

D:\109-2\digivfx\hw2\groundfloor\ground_09.jpg
604 453

1 0 226 
0 1 301.5 
0 0 1 

0.999853 0.000259394 0.0171226 
-0.000387671 -0.999286 0.0377765 
0.0171202 -0.0377778 -0.999139 

496.468

D:\109-2\digivfx\hw2\groundfloor\ground_10.jpg
604 453

1 0 226 
0 1 301.5 
0 0 1 

0.999834 0.00913839 0.0157726 
-0.00068623 -0.84578 0.53353 
0.0182158 -0.533452 -0.845634 

497.653

D:\109-2\digivfx\hw2\groundfloor\ground_11.jpg
604 453

1 0 226 
0 1 301.5 
0 0 1 

0.999864 0.0130074 0.0100971 
-0.00046346 -0.59072 0.806876 
0.0164599 -0.806771 -0.590634 

499.157

D:\109-2\digivfx\hw2\groundfloor\ground_12.jpg
604 453

1 0 226 
0 1 301.5 
0 0 1 

0.999818 0.0183062 0.00541059 
-0.000271662 -0.269766 0.962926 
0.0190871 -0.962752 -0.269711 

498.096

D:\109-2\digivfx\hw2\groundfloor\ground_13.jpg
604 453

1 0 226 
0 1 301.5 
0 0 1 

0.999795 0.020194 -0.00159498 
-0.000268321 0.0919326 0.995765 
0.0202551 -0.99556 0.0919192 

498.114

D:\109-2\digivfx\hw2\groundfloor\ground_14.jpg
604 453

1 0 226 
0 1 301.5 
0 0 1 

0.999777 0.0179961 -0.0110215 
4.14735e-005 0.520597 0.853802 
0.0211028 -0.853613 0.520481 

499.602

D:\109-2\digivfx\hw2\groundfloor\ground_15.jpg
604 453

1 0 226 
0 1 301.5 
0 0 1 

0.999815 0.0134441 -0.013741 
-0.00206977 0.785912 0.618334 
0.0191121 -0.618192 0.785795 

499.464

D:\109-2\digivfx\hw2\groundfloor\ground_16.jpg
604 453

1 0 226 
0 1 301.5 
0 0 1 

0.999825 0.00942726 -0.0161735 
-0.0020173 0.913174 0.407566 
0.0186115 -0.407462 0.913033 

498.147

D:\109-2\digivfx\hw2\groundfloor\ground_00.jpg
604 453

1 0 226 
0 1 301.5 
0 0 1 

0.999811 0.0101192 -0.0165834 
-0.00337971 0.931212 0.364462 
0.0191307 -0.364337 0.931071 

497.176

